%YAML:1.0

camera_model: pinhole
distortion_model: "radtan"
image_width: 752
image_height: 480


T_cam0_imu: !!opencv-matrix
  rows: 4
  cols: 4
  dt: d
  data: [0.014865542981794,   0.999557249008346,  -0.025774436697440,   0.065222909535531,
          -0.999880929698575,   0.014967213324719,   0.003756188357967,  -0.020706385492719,
          0.004140296794224,   0.025715529947966,   0.999660727177902,  -0.008054602460030,
          0,                   0,                   0,   1.000000000000000]

cam0_distortion_coeffs: !!opencv-matrix    
  rows: 1
  cols: 4
  dt: d
  data: [-0.28340811, 0.07395907, 0.00019359, 1.76187114e-05]


cam0_intrinsics: !!opencv-matrix
  rows: 1
  cols: 4
  dt: d
  data: [458.654, 457.296, 367.215, 248.375]


T_cam1_imu: !!opencv-matrix
  rows: 4
  cols: 4
  dt: d
  data: [0.012555267089103,   0.999598781151433,  -0.025389800891747,  -0.044901980682509,
          -0.999755099723116,   0.013011905181504,   0.017900583825251,  -0.020569771258915,
          0.018223771455443,   0.025158836311552,   0.999517347077547,  -0.008638135126028,
          0,                   0,                   0,   1.000000000000000]
T_cn_cnm1: !!opencv-matrix
  rows: 4
  cols: 4
  dt: d
  data: [0.999997256477881,   0.002312067192424,   0.000376008102415,  -0.110073808127187, 
          -0.002317135723281,   0.999898048506644,   0.014089835846648,   0.000399121547014,
          -0.000343393120525,  -0.014090668452714,   0.999900662637729,  -0.000853702503357, 
          0,                   0,                   0,   1.000000000000000]

cam1_distortion_coeffs: !!opencv-matrix   
  rows: 1
  cols: 4
  dt: d
  data: [-0.28368365,  0.07451284, -0.00010473, -3.55590700e-05]

cam1_intrinsics: !!opencv-matrix
  rows: 1
  cols: 4
  dt: d
  data: [457.587, 456.134, 379.999, 255.238]


#================================ ROS Settings ================================

imu_topic: "/imu0"
cam0_topic: "/cam0/image_raw"
cam1_topic: "/cam1/image_raw"

#================================= Frontend Settings ===========================

grid_row: 4
grid_col: 5
grid_min_feature_num: 3
grid_max_feature_num: 4
pyramid_levels: 3
patch_size: 3
fast_threshold: 10
klt_max_iteration: 30
klt_track_precision: 0.01

